250
0 a 28
0 b 6
1 a 189
1 b 70
2 a 62
2 b 57
3 a 35
3 b 188
4 a 26
4 b 173
5 a 189
5 b 228
6 a 139
6 b 22
7 a 151
7 b 108
8 a 8
8 b 7
9 a 23
9 b 55
10 a 59
10 b 129
11 a 154
11 b 6
12 a 143
12 b 50
13 a 183
13 b 166
14 a 179
14 b 139
15 a 107
15 b 56
16 a 114
16 b 150
17 a 71
17 b 207
18 a 222
18 b 1
19 a 194
19 b 206
20 a 40
20 b 178
21 a 108
21 b 87
22 a 71
22 b 39
23 a 55
23 b 245
24 a 195
24 b 86
25 a 26
25 b 23
26 a 97
26 b 24
27 a 91
27 b 216
28 a 88
28 b 154
29 a 67
29 b 206
30 a 11
30 b 186
31 a 117
31 b 137
32 a 31
32 b 249
33 a 236
33 b 96
34 a 20
34 b 141
35 a 75
35 b 212
36 a 160
36 b 158
37 a 226
37 b 220
38 a 92
38 b 147
39 a 49
39 b 180
40 a 17
40 b 11
41 a 169
41 b 58
42 a 197
42 b 74
43 a 20
43 b 218
44 a 59
44 b 221
45 a 25
45 b 97
46 a 71
46 b 116
47 a 162
47 b 213
48 a 93
48 b 41
49 a 94
49 b 90
50 a 53
50 b 171
51 a 68
51 b 179
52 a 239
52 b 174
53 a 165
53 b 18
54 a 155
54 b 162
55 a 43
55 b 136
56 a 186
56 b 62
57 a 41
57 b 118
58 a 97
58 b 69
59 a 236
59 b 163
60 a 176
60 b 142
61 a 56
61 b 175
62 a 83
62 b 215
63 a 196
63 b 198
64 a 14
64 b 58
65 a 210
65 b 8
66 a 206
66 b 80
67 a 102
67 b 68
68 a 16
68 b 54
69 a 233
69 b 241
70 a 145
70 b 224
71 a 183
71 b 80
72 a 54
72 b 167
73 a 127
73 b 101
74 a 226
74 b 234
75 a 164
75 b 117
76 a 36
76 b 67
77 a 35
77 b 63
78 a 190
78 b 143
79 a 137
79 b 67
80 a 191
80 b 149
81 a 109
81 b 229
82 a 149
82 b 102
83 a 92
83 b 56
84 a 35
84 b 130
85 a 126
85 b 23
86 a 193
86 b 12
87 a 220
87 b 28
88 a 39
88 b 160
89 a 40
89 b 202
90 a 174
90 b 108
91 a 152
91 b 16
92 a 98
92 b 97
93 a 152
93 b 119
94 a 135
94 b 64
95 a 248
95 b 141
96 a 220
96 b 241
97 a 2
97 b 174
98 a 184
98 b 29
99 a 174
99 b 226
100 a 137
100 b 192
101 a 68
101 b 196
102 a 164
102 b 87
103 a 28
103 b 75
104 a 111
104 b 40
105 a 116
105 b 0
106 a 244
106 b 184
107 a 224
107 b 184
108 a 67
108 b 248
109 a 128
109 b 195
110 a 45
110 b 129
111 a 233
111 b 27
112 a 222
112 b 160
113 a 76
113 b 215
114 a 163
114 b 129
115 a 155
115 b 50
116 a 39
116 b 95
117 a 195
117 b 41
118 a 138
118 b 244
119 a 199
119 b 236
120 a 135
120 b 235
121 a 0
121 b 153
122 a 82
122 b 125
123 a 4
123 b 28
124 a 237
124 b 92
125 a 224
125 b 212
126 a 206
126 b 78
127 a 61
127 b 14
128 a 61
128 b 224
129 a 145
129 b 242
130 a 20
130 b 21
131 a 187
131 b 124
132 a 208
132 b 17
133 a 194
133 b 136
134 a 196
134 b 32
135 a 32
135 b 168
136 a 121
136 b 242
137 a 140
137 b 42
138 a 67
138 b 135
139 a 223
139 b 155
140 a 108
140 b 246
141 a 54
141 b 237
142 a 138
142 b 193
143 a 186
143 b 176
144 a 51
144 b 182
145 a 79
145 b 102
146 a 171
146 b 166
147 a 95
147 b 112
148 a 230
148 b 132
149 a 115
149 b 30
150 a 63
150 b 57
151 a 16
151 b 86
152 a 5
152 b 150
153 a 141
153 b 58
154 a 150
154 b 56
155 a 1
155 b 18
156 a 181
156 b 161
157 a 15
157 b 58
158 a 17
158 b 231
159 a 8
159 b 220
160 a 84
160 b 18
161 a 131
161 b 60
162 a 71
162 b 171
163 a 124
163 b 54
164 a 138
164 b 33
165 a 185
165 b 239
166 a 225
166 b 146
167 a 147
167 b 121
168 a 62
168 b 200
169 a 121
169 b 206
170 a 104
170 b 48
171 a 24
171 b 24
172 a 168
172 b 110
173 a 90
173 b 108
174 a 105
174 b 119
175 a 221
175 b 186
176 a 13
176 b 172
177 a 167
177 b 165
178 a 25
178 b 15
179 a 103
179 b 186
180 a 86
180 b 204
181 a 220
181 b 27
182 a 63
182 b 49
183 a 48
183 b 137
184 a 114
184 b 35
185 a 108
185 b 46
186 a 71
186 b 118
187 a 63
187 b 223
188 a 236
188 b 19
189 a 113
189 b 206
190 a 220
190 b 219
191 a 140
191 b 25
192 a 12
192 b 166
193 a 138
193 b 214
194 a 3
194 b 248
195 a 23
195 b 237
196 a 192
196 b 217
197 a 60
197 b 42
198 a 104
198 b 124
199 a 123
199 b 54
200 a 221
200 b 102
201 a 231
201 b 15
202 a 42
202 b 97
203 a 0
203 b 99
204 a 67
204 b 237
205 a 200
205 b 200
206 a 116
206 b 73
207 a 108
207 b 178
208 a 245
208 b 187
209 a 200
209 b 142
210 a 169
210 b 183
211 a 124
211 b 39
212 a 48
212 b 75
213 a 55
213 b 247
214 a 14
214 b 148
215 a 188
215 b 138
216 a 15
216 b 191
217 a 80
217 b 14
218 a 12
218 b 149
219 a 122
219 b 128
220 a 235
220 b 218
221 a 135
221 b 40
222 a 14
222 b 245
223 a 130
223 b 20
224 a 217
224 b 47
225 a 17
225 b 152
226 a 17
226 b 172
227 a 220
227 b 60
228 a 103
228 b 30
229 a 241
229 b 227
230 a 145
230 b 63
231 a 148
231 b 152
232 a 10
232 b 158
233 a 20
233 b 107
234 a 168
234 b 149
235 a 144
235 b 133
236 a 80
236 b 239
237 a 66
237 b 52
238 a 171
238 b 183
239 a 80
239 b 61
240 a 67
240 b 101
241 a 33
241 b 171
242 a 165
242 b 76
243 a 117
243 b 80
244 a 237
244 b 192
245 a 239
245 b 18
246 a 2
246 b 117
247 a 159
247 b 144
248 a 25
248 b 18
249 a 137
249 b 54
129 67
163
0
2
4
5
6
7
8
9
10
11
13
14
17
19
22
23
24
25
26
27
28
29
32
33
34
37
38
39
40
41
42
44
45
46
49
51
52
53
55
56
57
58
60
62
63
64
65
66
67
68
69
70
71
72
73
74
76
77
78
84
85
87
89
90
91
92
93
94
95
97
100
101
102
104
105
108
109
110
111
112
113
114
116
117
120
123
124
125
126
129
133
134
135
136
139
141
143
149
150
153
154
155
156
157
158
162
163
164
166
167
169
170
171
172
173
175
176
177
178
179
180
182
183
186
189
190
191
192
195
196
197
203
206
207
208
209
211
213
217
218
220
222
224
225
226
227
229
230
231
234
235
236
237
238
239
240
241
242
245
246
247
248
249