200
0 a 28
0 b 6
1 a 189
1 b 70
2 a 62
2 b 57
3 a 35
3 b 188
4 a 26
4 b 173
5 a 189
5 b 139
6 a 22
6 b 151
7 a 108
7 b 8
8 a 7
8 b 23
9 a 55
9 b 59
10 a 129
10 b 154
11 a 6
11 b 143
12 a 50
12 b 183
13 a 166
13 b 179
14 a 139
14 b 107
15 a 56
15 b 114
16 a 150
16 b 71
17 a 1
17 b 194
18 a 40
18 b 178
19 a 108
19 b 87
20 a 71
20 b 39
21 a 55
21 b 195
22 a 86
22 b 26
23 a 23
23 b 97
24 a 24
24 b 91
25 a 88
25 b 154
26 a 67
26 b 11
27 a 186
27 b 117
28 a 137
28 b 31
29 a 96
29 b 20
30 a 141
30 b 75
31 a 160
31 b 158
32 a 92
32 b 147
33 a 49
33 b 180
34 a 17
34 b 11
35 a 169
35 b 58
36 a 197
36 b 74
37 a 20
37 b 59
38 a 25
38 b 97
39 a 71
39 b 116
40 a 162
40 b 93
41 a 41
41 b 94
42 a 90
42 b 53
43 a 171
43 b 68
44 a 179
44 b 174
45 a 165
45 b 18
46 a 155
46 b 162
47 a 43
47 b 136
48 a 186
48 b 62
49 a 41
49 b 118
50 a 97
50 b 69
51 a 163
51 b 176
52 a 142
52 b 56
53 a 175
53 b 83
54 a 196
54 b 198
55 a 14
55 b 58
56 a 8
56 b 80
57 a 102
57 b 68
58 a 16
58 b 54
59 a 145
59 b 183
60 a 80
60 b 54
61 a 167
61 b 127
62 a 101
62 b 164
63 a 117
63 b 36
64 a 67
64 b 35
65 a 63
65 b 190
66 a 143
66 b 137
67 a 67
67 b 191
68 a 149
68 b 109
69 a 149
69 b 102
70 a 92
70 b 56
71 a 35
71 b 130
72 a 126
72 b 23
73 a 193
73 b 12
74 a 28
74 b 39
75 a 160
75 b 40
76 a 174
76 b 108
77 a 152
77 b 16
78 a 98
78 b 97
79 a 152
79 b 119
80 a 135
80 b 64
81 a 141
81 b 2
82 a 174
82 b 184
83 a 29
83 b 174
84 a 137
84 b 192
85 a 68
85 b 196
86 a 164
86 b 87
87 a 28
87 b 75
88 a 111
88 b 40
89 a 116
89 b 0
90 a 184
90 b 184
91 a 67
91 b 128
92 a 195
92 b 45
93 a 129
93 b 27
94 a 160
94 b 76
95 a 163
95 b 129
96 a 155
96 b 50
97 a 39
97 b 95
98 a 195
98 b 41
99 a 138
99 b 199
100 a 135
100 b 0
101 a 153
101 b 82
102 a 125
102 b 4
103 a 28
103 b 92
104 a 78
104 b 61
105 a 14
105 b 61
106 a 145
106 b 20
107 a 21
107 b 187
108 a 124
108 b 17
109 a 194
109 b 136
110 a 196
110 b 32
111 a 32
111 b 168
112 a 121
112 b 140
113 a 42
113 b 67
114 a 135
114 b 155
115 a 108
115 b 54
116 a 138
116 b 193
117 a 186
117 b 176
118 a 51
118 b 182
119 a 79
119 b 102
120 a 171
120 b 166
121 a 95
121 b 112
122 a 132
122 b 115
123 a 30
123 b 63
124 a 57
124 b 16
125 a 86
125 b 5
126 a 150
126 b 141
127 a 58
127 b 150
128 a 56
128 b 1
129 a 18
129 b 181
130 a 161
130 b 15
131 a 58
131 b 17
132 a 8
132 b 84
133 a 18
133 b 131
134 a 60
134 b 71
135 a 171
135 b 124
136 a 54
136 b 138
137 a 33
137 b 185
138 a 146
138 b 147
139 a 121
139 b 62
140 a 121
140 b 104
141 a 48
141 b 24
142 a 24
142 b 168
143 a 110
143 b 90
144 a 108
144 b 105
145 a 119
145 b 186
146 a 13
146 b 172
147 a 167
147 b 165
148 a 25
148 b 15
149 a 103
149 b 186
150 a 86
150 b 27
151 a 63
151 b 49
152 a 48
152 b 137
153 a 114
153 b 35
154 a 108
154 b 46
155 a 71
155 b 118
156 a 63
156 b 19
157 a 113
157 b 140
158 a 25
158 b 12
159 a 166
159 b 138
160 a 3
160 b 23
161 a 192
161 b 60
162 a 42
162 b 104
163 a 124
163 b 123
164 a 54
164 b 102
165 a 15
165 b 42
166 a 97
166 b 0
167 a 99
167 b 67
168 a 116
168 b 73
169 a 108
169 b 178
170 a 187
170 b 142
171 a 169
171 b 183
172 a 124
172 b 39
173 a 48
173 b 75
174 a 55
174 b 14
175 a 148
175 b 188
176 a 138
176 b 15
177 a 191
177 b 80
178 a 14
178 b 12
179 a 149
179 b 122
180 a 128
180 b 135
181 a 40
181 b 14
182 a 130
182 b 20
183 a 47
183 b 17
184 a 152
184 b 17
185 a 172
185 b 60
186 a 103
186 b 30
187 a 145
187 b 63
188 a 148
188 b 152
189 a 10
189 b 158
190 a 20
190 b 107
191 a 168
191 b 149
192 a 144
192 b 133
193 a 80
193 b 66
194 a 52
194 b 171
195 a 183
195 b 80
196 a 61
196 b 67
197 a 101
197 b 33
198 a 171
198 b 165
199 a 76
199 b 117
80 192
163
0
2
3
4
7
8
9
10
11
12
13
14
16
17
18
19
20
21
22
23
24
25
26
27
28
29
30
31
32
33
34
35
36
37
38
39
40
41
42
43
44
45
46
48
50
51
52
53
54
55
58
59
60
62
64
65
66
67
68
69
70
71
72
74
76
77
78
79
80
81
82
85
86
87
89
91
92
93
94
95
96
98
99
100
101
102
103
104
105
106
107
108
109
110
111
112
113
114
115
116
117
119
121
122
123
124
125
127
129
130
131
132
133
135
137
138
139
140
141
142
143
144
145
146
147
148
151
152
153
154
155
156
157
158
159
162
164
165
166
167
168
169
170
171
173
174
175
176
177
178
180
183
184
187
188
189
190
192
194
196
197
198
199