50
0 a 39
0 b 34
1 a 42
1 b 1
2 a 42
2 b 34
3 a 30
3 b 39
4 a 43
4 b 30
5 a 43
5 b 47
6 a 38
6 b 19
7 a 13
7 b 33
8 a 36
8 b 35
9 a 19
9 b 16
10 a 38
10 b 39
11 a 23
11 b 12
12 a 25
12 b 10
13 a 13
13 b 27
14 a 43
14 b 12
15 a 41
15 b 9
16 a 39
16 b 37
17 a 32
17 b 36
18 a 5
18 b 32
19 a 5
19 b 3
20 a 43
20 b 47
21 a 9
21 b 4
22 a 25
22 b 49
23 a 21
23 b 11
24 a 23
24 b 20
25 a 14
25 b 39
26 a 21
26 b 13
27 a 8
27 b 37
28 a 7
28 b 35
29 a 8
29 b 0
30 a 33
30 b 22
31 a 49
31 b 44
32 a 3
32 b 16
33 a 32
33 b 0
34 a 19
34 b 4
35 a 26
35 b 32
36 a 42
36 b 37
37 a 21
37 b 49
38 a 3
38 b 13
39 a 14
39 b 10
40 a 31
40 b 34
41 a 47
41 b 11
42 a 29
42 b 35
43 a 4
43 b 24
44 a 47
44 b 6
45 a 38
45 b 47
46 a 11
46 b 26
47 a 36
47 b 41
48 a 28
48 b 34
49 a 3
49 b 18
10 43
48
0
1
2
3
4
5
6
7
8
9
10
11
12
13
14
15
16
17
18
19
20
21
22
23
24
25
26
27
29
30
31
32
33
34
36
37
38
39
40
41
42
43
44
45
46
47
48
49