100
0 a 14
0 b 3
1 a 94
1 b 35
2 a 31
2 b 28
3 a 17
3 b 94
4 a 13
4 b 86
5 a 94
5 b 69
6 a 11
6 b 75
7 a 54
7 b 4
8 a 3
8 b 11
9 a 27
9 b 29
10 a 64
10 b 77
11 a 3
11 b 71
12 a 25
12 b 91
13 a 83
13 b 89
14 a 69
14 b 53
15 a 28
15 b 57
16 a 75
16 b 35
17 a 0
17 b 97
18 a 20
18 b 89
19 a 54
19 b 43
20 a 35
20 b 19
21 a 27
21 b 97
22 a 43
22 b 13
23 a 11
23 b 48
24 a 12
24 b 45
25 a 44
25 b 77
26 a 33
26 b 5
27 a 93
27 b 58
28 a 68
28 b 15
29 a 48
29 b 10
30 a 70
30 b 37
31 a 80
31 b 79
32 a 46
32 b 73
33 a 24
33 b 90
34 a 8
34 b 5
35 a 84
35 b 29
36 a 98
36 b 37
37 a 10
37 b 29
38 a 12
38 b 48
39 a 35
39 b 58
40 a 81
40 b 46
41 a 20
41 b 47
42 a 45
42 b 26
43 a 85
43 b 34
44 a 89
44 b 87
45 a 82
45 b 9
46 a 77
46 b 81
47 a 21
47 b 68
48 a 93
48 b 31
49 a 20
49 b 59
50 a 48
50 b 34
51 a 81
51 b 88
52 a 71
52 b 28
53 a 87
53 b 41
54 a 98
54 b 99
55 a 7
55 b 29
56 a 4
56 b 40
57 a 51
57 b 34
58 a 8
58 b 27
59 a 72
59 b 91
60 a 40
60 b 27
61 a 83
61 b 63
62 a 50
62 b 82
63 a 58
63 b 18
64 a 33
64 b 17
65 a 31
65 b 95
66 a 71
66 b 68
67 a 33
67 b 95
68 a 74
68 b 54
69 a 74
69 b 51
70 a 46
70 b 28
71 a 17
71 b 65
72 a 63
72 b 11
73 a 96
73 b 6
74 a 14
74 b 19
75 a 80
75 b 20
76 a 87
76 b 54
77 a 76
77 b 8
78 a 49
78 b 48
79 a 76
79 b 59
80 a 67
80 b 32
81 a 70
81 b 1
82 a 87
82 b 92
83 a 14
83 b 87
84 a 68
84 b 96
85 a 34
85 b 98
86 a 82
86 b 43
87 a 14
87 b 37
88 a 55
88 b 20
89 a 58
89 b 0
90 a 92
90 b 92
91 a 33
91 b 64
92 a 97
92 b 22
93 a 64
93 b 13
94 a 80
94 b 38
95 a 81
95 b 64
96 a 77
96 b 25
97 a 19
97 b 47
98 a 97
98 b 20
99 a 69
99 b 99
67 0
81
0
1
2
3
4
7
8
10
11
12
13
14
15
16
17
20
21
25
26
27
28
29
30
31
32
33
34
35
36
37
39
40
41
42
44
45
46
47
49
50
51
52
54
56
57
58
59
60
61
62
63
64
65
66
67
68
69
70
71
72
73
74
75
76
77
78
79
80
81
83
84
85
86
88
90
92
93
95
96
97
99